{
 "cells": [
  {
   "cell_type": "code",
   "execution_count": null,
   "metadata": {},
   "outputs": [],
   "source": [
    "from ipyleaflet import Map, basemaps, basemap_to_tiles"
   ]
  },
  {
   "cell_type": "code",
   "execution_count": null,
   "metadata": {},
   "outputs": [],
   "source": [
    "import leafmap"
   ]
  },
  {
   "cell_type": "code",
   "execution_count": null,
   "metadata": {},
   "outputs": [],
   "source": [
    "m = leafmap.Map()\n",
    "m"
   ]
  },
  {
   "cell_type": "code",
   "execution_count": null,
   "metadata": {},
   "outputs": [],
   "source": [
    "import geosdem.randest as r\n",
    "from geosdem.randest import compute_dsdf"
   ]
  },
  {
   "cell_type": "code",
   "execution_count": null,
   "metadata": {},
   "outputs": [],
   "source": [
    "r.compute_dsdf(2,3)"
   ]
  },
  {
   "cell_type": "code",
   "execution_count": 5,
   "metadata": {},
   "outputs": [
    {
     "data": {
      "text/html": [
       "<div>\n",
       "<style scoped>\n",
       "    .dataframe tbody tr th:only-of-type {\n",
       "        vertical-align: middle;\n",
       "    }\n",
       "\n",
       "    .dataframe tbody tr th {\n",
       "        vertical-align: top;\n",
       "    }\n",
       "\n",
       "    .dataframe thead th {\n",
       "        text-align: right;\n",
       "    }\n",
       "</style>\n",
       "<table border=\"1\" class=\"dataframe\">\n",
       "  <thead>\n",
       "    <tr style=\"text-align: right;\">\n",
       "      <th></th>\n",
       "      <th>Date</th>\n",
       "      <th>cotonyield</th>\n",
       "      <th>sojayield</th>\n",
       "      <th>maize_yield</th>\n",
       "      <th>ACDI_B</th>\n",
       "      <th>lstndvi</th>\n",
       "      <th>pcplst</th>\n",
       "      <th>pcpndvi</th>\n",
       "      <th>pcpsm</th>\n",
       "      <th>smlst</th>\n",
       "      <th>smndvi</th>\n",
       "      <th>pcplstndvi</th>\n",
       "      <th>pcpsmlst</th>\n",
       "      <th>pcpsmndvi</th>\n",
       "      <th>smlstndvi</th>\n",
       "      <th>smlstndvipcp</th>\n",
       "    </tr>\n",
       "  </thead>\n",
       "  <tbody>\n",
       "    <tr>\n",
       "      <th>0</th>\n",
       "      <td>2001</td>\n",
       "      <td>NaN</td>\n",
       "      <td>702.702703</td>\n",
       "      <td>1178.11</td>\n",
       "      <td>-0.432917</td>\n",
       "      <td>-0.132917</td>\n",
       "      <td>0.142500</td>\n",
       "      <td>-0.362500</td>\n",
       "      <td>-0.268333</td>\n",
       "      <td>-0.038333</td>\n",
       "      <td>-0.544583</td>\n",
       "      <td>-0.084583</td>\n",
       "      <td>-0.139167</td>\n",
       "      <td>-0.385417</td>\n",
       "      <td>-0.271250</td>\n",
       "      <td>0.400417</td>\n",
       "    </tr>\n",
       "    <tr>\n",
       "      <th>1</th>\n",
       "      <td>2002</td>\n",
       "      <td>1446.172068</td>\n",
       "      <td>907.407407</td>\n",
       "      <td>1194.34</td>\n",
       "      <td>0.413333</td>\n",
       "      <td>0.596250</td>\n",
       "      <td>-0.070833</td>\n",
       "      <td>0.688333</td>\n",
       "      <td>-0.228750</td>\n",
       "      <td>-0.320833</td>\n",
       "      <td>0.437500</td>\n",
       "      <td>0.446667</td>\n",
       "      <td>-0.174167</td>\n",
       "      <td>0.380000</td>\n",
       "      <td>0.407500</td>\n",
       "      <td>0.550435</td>\n",
       "    </tr>\n",
       "    <tr>\n",
       "      <th>2</th>\n",
       "      <td>2003</td>\n",
       "      <td>1467.010934</td>\n",
       "      <td>1049.751244</td>\n",
       "      <td>1468.04</td>\n",
       "      <td>0.448333</td>\n",
       "      <td>0.479583</td>\n",
       "      <td>0.368750</td>\n",
       "      <td>0.320417</td>\n",
       "      <td>0.279167</td>\n",
       "      <td>0.437917</td>\n",
       "      <td>0.389583</td>\n",
       "      <td>0.328750</td>\n",
       "      <td>0.263333</td>\n",
       "      <td>0.296250</td>\n",
       "      <td>0.380000</td>\n",
       "      <td>0.648750</td>\n",
       "    </tr>\n",
       "    <tr>\n",
       "      <th>3</th>\n",
       "      <td>2004</td>\n",
       "      <td>1399.996174</td>\n",
       "      <td>800.000000</td>\n",
       "      <td>1454.90</td>\n",
       "      <td>0.645833</td>\n",
       "      <td>0.607083</td>\n",
       "      <td>-0.180000</td>\n",
       "      <td>0.591667</td>\n",
       "      <td>0.077083</td>\n",
       "      <td>0.090833</td>\n",
       "      <td>0.863750</td>\n",
       "      <td>0.570417</td>\n",
       "      <td>0.057500</td>\n",
       "      <td>0.495833</td>\n",
       "      <td>0.458333</td>\n",
       "      <td>1.169167</td>\n",
       "    </tr>\n",
       "    <tr>\n",
       "      <th>4</th>\n",
       "      <td>2005</td>\n",
       "      <td>1243.966775</td>\n",
       "      <td>801.223242</td>\n",
       "      <td>1501.37</td>\n",
       "      <td>0.462083</td>\n",
       "      <td>0.282083</td>\n",
       "      <td>0.043750</td>\n",
       "      <td>0.420417</td>\n",
       "      <td>0.371667</td>\n",
       "      <td>0.232917</td>\n",
       "      <td>0.610833</td>\n",
       "      <td>0.240417</td>\n",
       "      <td>0.147083</td>\n",
       "      <td>0.475000</td>\n",
       "      <td>0.408750</td>\n",
       "      <td>0.581250</td>\n",
       "    </tr>\n",
       "    <tr>\n",
       "      <th>5</th>\n",
       "      <td>2006</td>\n",
       "      <td>1456.506196</td>\n",
       "      <td>949.554896</td>\n",
       "      <td>1375.72</td>\n",
       "      <td>-0.132083</td>\n",
       "      <td>-0.040833</td>\n",
       "      <td>-0.248750</td>\n",
       "      <td>0.003750</td>\n",
       "      <td>-0.134583</td>\n",
       "      <td>-0.178333</td>\n",
       "      <td>0.072917</td>\n",
       "      <td>-0.087500</td>\n",
       "      <td>-0.220000</td>\n",
       "      <td>-0.016667</td>\n",
       "      <td>-0.052500</td>\n",
       "      <td>-0.120000</td>\n",
       "    </tr>\n",
       "    <tr>\n",
       "      <th>6</th>\n",
       "      <td>2007</td>\n",
       "      <td>1458.659750</td>\n",
       "      <td>949.554896</td>\n",
       "      <td>916.70</td>\n",
       "      <td>0.035833</td>\n",
       "      <td>-0.187083</td>\n",
       "      <td>-0.190417</td>\n",
       "      <td>-0.023333</td>\n",
       "      <td>0.084167</td>\n",
       "      <td>-0.082083</td>\n",
       "      <td>0.084167</td>\n",
       "      <td>-0.017083</td>\n",
       "      <td>-0.111667</td>\n",
       "      <td>0.049583</td>\n",
       "      <td>0.026667</td>\n",
       "      <td>0.110000</td>\n",
       "    </tr>\n",
       "    <tr>\n",
       "      <th>7</th>\n",
       "      <td>2008</td>\n",
       "      <td>1145.192308</td>\n",
       "      <td>990.797546</td>\n",
       "      <td>1435.46</td>\n",
       "      <td>0.305000</td>\n",
       "      <td>0.319583</td>\n",
       "      <td>-0.154167</td>\n",
       "      <td>0.482083</td>\n",
       "      <td>0.110417</td>\n",
       "      <td>-0.051667</td>\n",
       "      <td>0.584167</td>\n",
       "      <td>0.204583</td>\n",
       "      <td>-0.033333</td>\n",
       "      <td>0.438750</td>\n",
       "      <td>0.157083</td>\n",
       "      <td>0.411667</td>\n",
       "    </tr>\n",
       "    <tr>\n",
       "      <th>8</th>\n",
       "      <td>2009</td>\n",
       "      <td>1089.276140</td>\n",
       "      <td>949.536560</td>\n",
       "      <td>1385.66</td>\n",
       "      <td>-0.170417</td>\n",
       "      <td>-0.266250</td>\n",
       "      <td>-0.372917</td>\n",
       "      <td>0.045417</td>\n",
       "      <td>0.015417</td>\n",
       "      <td>-0.295833</td>\n",
       "      <td>0.122917</td>\n",
       "      <td>-0.176250</td>\n",
       "      <td>-0.237083</td>\n",
       "      <td>0.080417</td>\n",
       "      <td>-0.097500</td>\n",
       "      <td>-0.292917</td>\n",
       "    </tr>\n",
       "    <tr>\n",
       "      <th>9</th>\n",
       "      <td>2010</td>\n",
       "      <td>1008.239235</td>\n",
       "      <td>850.859107</td>\n",
       "      <td>1502.95</td>\n",
       "      <td>0.156250</td>\n",
       "      <td>0.330000</td>\n",
       "      <td>0.534583</td>\n",
       "      <td>-0.065417</td>\n",
       "      <td>-0.172083</td>\n",
       "      <td>0.224583</td>\n",
       "      <td>-0.375417</td>\n",
       "      <td>0.286250</td>\n",
       "      <td>0.280833</td>\n",
       "      <td>-0.226667</td>\n",
       "      <td>0.057083</td>\n",
       "      <td>0.318333</td>\n",
       "    </tr>\n",
       "    <tr>\n",
       "      <th>10</th>\n",
       "      <td>2011</td>\n",
       "      <td>1004.565861</td>\n",
       "      <td>917.486752</td>\n",
       "      <td>1629.56</td>\n",
       "      <td>-1.090000</td>\n",
       "      <td>-0.765833</td>\n",
       "      <td>-0.486667</td>\n",
       "      <td>-0.689167</td>\n",
       "      <td>-0.712917</td>\n",
       "      <td>-0.790417</td>\n",
       "      <td>-0.992917</td>\n",
       "      <td>-0.632917</td>\n",
       "      <td>-0.617083</td>\n",
       "      <td>-0.804167</td>\n",
       "      <td>-0.924583</td>\n",
       "      <td>-0.597083</td>\n",
       "    </tr>\n",
       "    <tr>\n",
       "      <th>11</th>\n",
       "      <td>2012</td>\n",
       "      <td>719.284751</td>\n",
       "      <td>950.000000</td>\n",
       "      <td>1399.98</td>\n",
       "      <td>0.423333</td>\n",
       "      <td>0.726667</td>\n",
       "      <td>0.595417</td>\n",
       "      <td>0.187083</td>\n",
       "      <td>-0.220417</td>\n",
       "      <td>0.317917</td>\n",
       "      <td>-0.090417</td>\n",
       "      <td>0.574583</td>\n",
       "      <td>0.200417</td>\n",
       "      <td>-0.038750</td>\n",
       "      <td>0.321667</td>\n",
       "      <td>0.211250</td>\n",
       "    </tr>\n",
       "    <tr>\n",
       "      <th>12</th>\n",
       "      <td>2013</td>\n",
       "      <td>992.227072</td>\n",
       "      <td>1000.000000</td>\n",
       "      <td>1633.40</td>\n",
       "      <td>-0.344167</td>\n",
       "      <td>-0.186250</td>\n",
       "      <td>-0.020833</td>\n",
       "      <td>-0.312083</td>\n",
       "      <td>-0.369583</td>\n",
       "      <td>-0.245000</td>\n",
       "      <td>-0.537083</td>\n",
       "      <td>-0.180000</td>\n",
       "      <td>-0.140000</td>\n",
       "      <td>-0.398750</td>\n",
       "      <td>-0.241667</td>\n",
       "      <td>-0.330833</td>\n",
       "    </tr>\n",
       "    <tr>\n",
       "      <th>13</th>\n",
       "      <td>2014</td>\n",
       "      <td>1288.202024</td>\n",
       "      <td>1000.000000</td>\n",
       "      <td>1142.66</td>\n",
       "      <td>-0.662083</td>\n",
       "      <td>-0.386250</td>\n",
       "      <td>-0.165417</td>\n",
       "      <td>-0.489583</td>\n",
       "      <td>-0.532083</td>\n",
       "      <td>-0.429167</td>\n",
       "      <td>-0.754167</td>\n",
       "      <td>-0.305000</td>\n",
       "      <td>-0.346250</td>\n",
       "      <td>-0.590833</td>\n",
       "      <td>-0.515833</td>\n",
       "      <td>-0.452917</td>\n",
       "    </tr>\n",
       "    <tr>\n",
       "      <th>14</th>\n",
       "      <td>2015</td>\n",
       "      <td>1046.420985</td>\n",
       "      <td>900.000000</td>\n",
       "      <td>892.84</td>\n",
       "      <td>-0.818750</td>\n",
       "      <td>-0.924167</td>\n",
       "      <td>-0.557917</td>\n",
       "      <td>-0.660000</td>\n",
       "      <td>-0.114167</td>\n",
       "      <td>-0.379167</td>\n",
       "      <td>-0.481250</td>\n",
       "      <td>-0.705000</td>\n",
       "      <td>-0.339167</td>\n",
       "      <td>-0.407917</td>\n",
       "      <td>-0.614167</td>\n",
       "      <td>-1.031250</td>\n",
       "    </tr>\n",
       "    <tr>\n",
       "      <th>15</th>\n",
       "      <td>2016</td>\n",
       "      <td>1283.737066</td>\n",
       "      <td>1178.777103</td>\n",
       "      <td>1021.49</td>\n",
       "      <td>-0.142500</td>\n",
       "      <td>-0.435417</td>\n",
       "      <td>0.088750</td>\n",
       "      <td>-0.600417</td>\n",
       "      <td>0.623750</td>\n",
       "      <td>0.788333</td>\n",
       "      <td>0.099167</td>\n",
       "      <td>-0.365000</td>\n",
       "      <td>0.384167</td>\n",
       "      <td>-0.073750</td>\n",
       "      <td>-0.048750</td>\n",
       "      <td>-0.024583</td>\n",
       "    </tr>\n",
       "    <tr>\n",
       "      <th>16</th>\n",
       "      <td>2017</td>\n",
       "      <td>1304.300774</td>\n",
       "      <td>926.190476</td>\n",
       "      <td>1034.15</td>\n",
       "      <td>0.409167</td>\n",
       "      <td>-0.302500</td>\n",
       "      <td>-0.010833</td>\n",
       "      <td>0.056250</td>\n",
       "      <td>1.384167</td>\n",
       "      <td>1.025833</td>\n",
       "      <td>1.092917</td>\n",
       "      <td>-0.199167</td>\n",
       "      <td>0.655417</td>\n",
       "      <td>0.848750</td>\n",
       "      <td>0.324583</td>\n",
       "      <td>0.289167</td>\n",
       "    </tr>\n",
       "    <tr>\n",
       "      <th>17</th>\n",
       "      <td>2018</td>\n",
       "      <td>1242.026409</td>\n",
       "      <td>1180.227288</td>\n",
       "      <td>1142.75</td>\n",
       "      <td>-0.397083</td>\n",
       "      <td>-0.427917</td>\n",
       "      <td>-0.186250</td>\n",
       "      <td>-0.077500</td>\n",
       "      <td>0.085000</td>\n",
       "      <td>-0.265417</td>\n",
       "      <td>-0.157083</td>\n",
       "      <td>-0.320833</td>\n",
       "      <td>-0.108750</td>\n",
       "      <td>-0.103750</td>\n",
       "      <td>-0.338750</td>\n",
       "      <td>-0.075417</td>\n",
       "    </tr>\n",
       "    <tr>\n",
       "      <th>18</th>\n",
       "      <td>2019</td>\n",
       "      <td>1301.405058</td>\n",
       "      <td>1382.504543</td>\n",
       "      <td>924.49</td>\n",
       "      <td>-0.594583</td>\n",
       "      <td>-0.316250</td>\n",
       "      <td>0.030833</td>\n",
       "      <td>-0.183333</td>\n",
       "      <td>-0.463750</td>\n",
       "      <td>-0.595417</td>\n",
       "      <td>-0.812083</td>\n",
       "      <td>-0.194167</td>\n",
       "      <td>-0.234167</td>\n",
       "      <td>-0.486250</td>\n",
       "      <td>-0.593333</td>\n",
       "      <td>-0.382083</td>\n",
       "    </tr>\n",
       "    <tr>\n",
       "      <th>19</th>\n",
       "      <td>2020</td>\n",
       "      <td>1348.613896</td>\n",
       "      <td>1350.000000</td>\n",
       "      <td>2228.46</td>\n",
       "      <td>-0.110833</td>\n",
       "      <td>-0.465000</td>\n",
       "      <td>0.245833</td>\n",
       "      <td>-0.182083</td>\n",
       "      <td>0.324583</td>\n",
       "      <td>0.041250</td>\n",
       "      <td>-0.387500</td>\n",
       "      <td>-0.149583</td>\n",
       "      <td>0.252083</td>\n",
       "      <td>-0.104583</td>\n",
       "      <td>-0.369167</td>\n",
       "      <td>-0.257917</td>\n",
       "    </tr>\n",
       "  </tbody>\n",
       "</table>\n",
       "</div>"
      ],
      "text/plain": [
       "    Date   cotonyield    sojayield  maize_yield    ACDI_B   lstndvi    pcplst   \n",
       "0   2001          NaN   702.702703      1178.11 -0.432917 -0.132917  0.142500  \\\n",
       "1   2002  1446.172068   907.407407      1194.34  0.413333  0.596250 -0.070833   \n",
       "2   2003  1467.010934  1049.751244      1468.04  0.448333  0.479583  0.368750   \n",
       "3   2004  1399.996174   800.000000      1454.90  0.645833  0.607083 -0.180000   \n",
       "4   2005  1243.966775   801.223242      1501.37  0.462083  0.282083  0.043750   \n",
       "5   2006  1456.506196   949.554896      1375.72 -0.132083 -0.040833 -0.248750   \n",
       "6   2007  1458.659750   949.554896       916.70  0.035833 -0.187083 -0.190417   \n",
       "7   2008  1145.192308   990.797546      1435.46  0.305000  0.319583 -0.154167   \n",
       "8   2009  1089.276140   949.536560      1385.66 -0.170417 -0.266250 -0.372917   \n",
       "9   2010  1008.239235   850.859107      1502.95  0.156250  0.330000  0.534583   \n",
       "10  2011  1004.565861   917.486752      1629.56 -1.090000 -0.765833 -0.486667   \n",
       "11  2012   719.284751   950.000000      1399.98  0.423333  0.726667  0.595417   \n",
       "12  2013   992.227072  1000.000000      1633.40 -0.344167 -0.186250 -0.020833   \n",
       "13  2014  1288.202024  1000.000000      1142.66 -0.662083 -0.386250 -0.165417   \n",
       "14  2015  1046.420985   900.000000       892.84 -0.818750 -0.924167 -0.557917   \n",
       "15  2016  1283.737066  1178.777103      1021.49 -0.142500 -0.435417  0.088750   \n",
       "16  2017  1304.300774   926.190476      1034.15  0.409167 -0.302500 -0.010833   \n",
       "17  2018  1242.026409  1180.227288      1142.75 -0.397083 -0.427917 -0.186250   \n",
       "18  2019  1301.405058  1382.504543       924.49 -0.594583 -0.316250  0.030833   \n",
       "19  2020  1348.613896  1350.000000      2228.46 -0.110833 -0.465000  0.245833   \n",
       "\n",
       "     pcpndvi     pcpsm     smlst    smndvi  pcplstndvi  pcpsmlst  pcpsmndvi   \n",
       "0  -0.362500 -0.268333 -0.038333 -0.544583   -0.084583 -0.139167  -0.385417  \\\n",
       "1   0.688333 -0.228750 -0.320833  0.437500    0.446667 -0.174167   0.380000   \n",
       "2   0.320417  0.279167  0.437917  0.389583    0.328750  0.263333   0.296250   \n",
       "3   0.591667  0.077083  0.090833  0.863750    0.570417  0.057500   0.495833   \n",
       "4   0.420417  0.371667  0.232917  0.610833    0.240417  0.147083   0.475000   \n",
       "5   0.003750 -0.134583 -0.178333  0.072917   -0.087500 -0.220000  -0.016667   \n",
       "6  -0.023333  0.084167 -0.082083  0.084167   -0.017083 -0.111667   0.049583   \n",
       "7   0.482083  0.110417 -0.051667  0.584167    0.204583 -0.033333   0.438750   \n",
       "8   0.045417  0.015417 -0.295833  0.122917   -0.176250 -0.237083   0.080417   \n",
       "9  -0.065417 -0.172083  0.224583 -0.375417    0.286250  0.280833  -0.226667   \n",
       "10 -0.689167 -0.712917 -0.790417 -0.992917   -0.632917 -0.617083  -0.804167   \n",
       "11  0.187083 -0.220417  0.317917 -0.090417    0.574583  0.200417  -0.038750   \n",
       "12 -0.312083 -0.369583 -0.245000 -0.537083   -0.180000 -0.140000  -0.398750   \n",
       "13 -0.489583 -0.532083 -0.429167 -0.754167   -0.305000 -0.346250  -0.590833   \n",
       "14 -0.660000 -0.114167 -0.379167 -0.481250   -0.705000 -0.339167  -0.407917   \n",
       "15 -0.600417  0.623750  0.788333  0.099167   -0.365000  0.384167  -0.073750   \n",
       "16  0.056250  1.384167  1.025833  1.092917   -0.199167  0.655417   0.848750   \n",
       "17 -0.077500  0.085000 -0.265417 -0.157083   -0.320833 -0.108750  -0.103750   \n",
       "18 -0.183333 -0.463750 -0.595417 -0.812083   -0.194167 -0.234167  -0.486250   \n",
       "19 -0.182083  0.324583  0.041250 -0.387500   -0.149583  0.252083  -0.104583   \n",
       "\n",
       "    smlstndvi  smlstndvipcp  \n",
       "0   -0.271250      0.400417  \n",
       "1    0.407500      0.550435  \n",
       "2    0.380000      0.648750  \n",
       "3    0.458333      1.169167  \n",
       "4    0.408750      0.581250  \n",
       "5   -0.052500     -0.120000  \n",
       "6    0.026667      0.110000  \n",
       "7    0.157083      0.411667  \n",
       "8   -0.097500     -0.292917  \n",
       "9    0.057083      0.318333  \n",
       "10  -0.924583     -0.597083  \n",
       "11   0.321667      0.211250  \n",
       "12  -0.241667     -0.330833  \n",
       "13  -0.515833     -0.452917  \n",
       "14  -0.614167     -1.031250  \n",
       "15  -0.048750     -0.024583  \n",
       "16   0.324583      0.289167  \n",
       "17  -0.338750     -0.075417  \n",
       "18  -0.593333     -0.382083  \n",
       "19  -0.369167     -0.257917  "
      ]
     },
     "execution_count": 5,
     "metadata": {},
     "output_type": "execute_result"
    }
   ],
   "source": [
    "import pandas as pd\n",
    "import numpy as np\n",
    "data = pd.read_csv('/home/oussoucolette/@/DONNEES/Data-obj1/foragess/Leonard/Baniindices.csv', sep=',')\n",
    "\n",
    "data1 = pd.DataFrame(data)\n",
    "data1"
   ]
  },
  {
   "cell_type": "code",
   "execution_count": 1,
   "metadata": {},
   "outputs": [],
   "source": [
    "import geosdem as g"
   ]
  },
  {
   "cell_type": "code",
   "execution_count": 2,
   "metadata": {},
   "outputs": [],
   "source": [
    "import geosdem.randest as rn\n",
    "import geosdem.metrics as mt"
   ]
  },
  {
   "cell_type": "code",
   "execution_count": 6,
   "metadata": {},
   "outputs": [],
   "source": [
    "metrics = {}"
   ]
  },
  {
   "cell_type": "code",
   "execution_count": 14,
   "metadata": {},
   "outputs": [
    {
     "name": "stdout",
     "output_type": "stream",
     "text": [
      "2.857738033247041 0.0 0.4642857142857143 1.5\n"
     ]
    }
   ],
   "source": [
    "a = mt.rmse(actual=[1,3,4,5,6,7], forecast=[5,3,6,7,2,4])\n",
    "b = mt.gmrae(actual=[1,3,4,5,6,7], forecast=[5,3,6,7,2,4])\n",
    "c = mt.mdrae(actual=[1,3,4,5,6,7], forecast=[5,3,6,7,2,4])\n",
    "d = mt.mase(actual=[1,3,4,5,6,7], forecast=[5,3,6,7,2,4], seasonality=3)\n",
    "print(a, b, c, d)"
   ]
  },
  {
   "cell_type": "code",
   "execution_count": 3,
   "metadata": {},
   "outputs": [],
   "source": [
    "import hydroeval as he"
   ]
  },
  {
   "cell_type": "code",
   "execution_count": 12,
   "metadata": {},
   "outputs": [
    {
     "data": {
      "text/html": [
       "<div>\n",
       "<style scoped>\n",
       "    .dataframe tbody tr th:only-of-type {\n",
       "        vertical-align: middle;\n",
       "    }\n",
       "\n",
       "    .dataframe tbody tr th {\n",
       "        vertical-align: top;\n",
       "    }\n",
       "\n",
       "    .dataframe thead th {\n",
       "        text-align: right;\n",
       "    }\n",
       "</style>\n",
       "<table border=\"1\" class=\"dataframe\">\n",
       "  <thead>\n",
       "    <tr style=\"text-align: right;\">\n",
       "      <th></th>\n",
       "      <th>Date</th>\n",
       "      <th>cotonyield</th>\n",
       "      <th>sojayield</th>\n",
       "      <th>maize_yield</th>\n",
       "      <th>ACDI_B</th>\n",
       "      <th>lstndvi</th>\n",
       "      <th>pcplst</th>\n",
       "      <th>pcpndvi</th>\n",
       "      <th>pcpsm</th>\n",
       "      <th>smlst</th>\n",
       "      <th>smndvi</th>\n",
       "      <th>pcplstndvi</th>\n",
       "      <th>pcpsmlst</th>\n",
       "      <th>pcpsmndvi</th>\n",
       "      <th>smlstndvi</th>\n",
       "      <th>smlstndvipcp</th>\n",
       "    </tr>\n",
       "  </thead>\n",
       "  <tbody>\n",
       "    <tr>\n",
       "      <th>Date</th>\n",
       "      <td>1.000000</td>\n",
       "      <td>-0.267743</td>\n",
       "      <td>0.727053</td>\n",
       "      <td>-0.026049</td>\n",
       "      <td>-0.429820</td>\n",
       "      <td>-0.616965</td>\n",
       "      <td>-0.029182</td>\n",
       "      <td>-0.534232</td>\n",
       "      <td>0.157769</td>\n",
       "      <td>0.001817</td>\n",
       "      <td>-0.360017</td>\n",
       "      <td>-0.570332</td>\n",
       "      <td>0.124133</td>\n",
       "      <td>-0.315304</td>\n",
       "      <td>-0.521221</td>\n",
       "      <td>-0.629997</td>\n",
       "    </tr>\n",
       "    <tr>\n",
       "      <th>cotonyield</th>\n",
       "      <td>-0.267743</td>\n",
       "      <td>1.000000</td>\n",
       "      <td>0.185761</td>\n",
       "      <td>-0.152526</td>\n",
       "      <td>0.238429</td>\n",
       "      <td>0.051094</td>\n",
       "      <td>-0.158004</td>\n",
       "      <td>0.301259</td>\n",
       "      <td>0.318881</td>\n",
       "      <td>0.110058</td>\n",
       "      <td>0.383252</td>\n",
       "      <td>0.090904</td>\n",
       "      <td>0.112436</td>\n",
       "      <td>0.384207</td>\n",
       "      <td>0.234394</td>\n",
       "      <td>0.340464</td>\n",
       "    </tr>\n",
       "    <tr>\n",
       "      <th>sojayield</th>\n",
       "      <td>0.727053</td>\n",
       "      <td>0.185761</td>\n",
       "      <td>1.000000</td>\n",
       "      <td>0.096518</td>\n",
       "      <td>-0.240751</td>\n",
       "      <td>-0.334042</td>\n",
       "      <td>0.112281</td>\n",
       "      <td>-0.221119</td>\n",
       "      <td>0.063628</td>\n",
       "      <td>-0.084026</td>\n",
       "      <td>-0.279990</td>\n",
       "      <td>-0.288005</td>\n",
       "      <td>0.086615</td>\n",
       "      <td>-0.210377</td>\n",
       "      <td>-0.352959</td>\n",
       "      <td>-0.382968</td>\n",
       "    </tr>\n",
       "    <tr>\n",
       "      <th>maize_yield</th>\n",
       "      <td>-0.026049</td>\n",
       "      <td>-0.152526</td>\n",
       "      <td>0.096518</td>\n",
       "      <td>1.000000</td>\n",
       "      <td>0.158733</td>\n",
       "      <td>0.185432</td>\n",
       "      <td>0.285966</td>\n",
       "      <td>0.155798</td>\n",
       "      <td>-0.072970</td>\n",
       "      <td>-0.022725</td>\n",
       "      <td>-0.057731</td>\n",
       "      <td>0.229986</td>\n",
       "      <td>0.114301</td>\n",
       "      <td>-0.001449</td>\n",
       "      <td>0.037740</td>\n",
       "      <td>0.119154</td>\n",
       "    </tr>\n",
       "    <tr>\n",
       "      <th>ACDI_B</th>\n",
       "      <td>-0.429820</td>\n",
       "      <td>0.238429</td>\n",
       "      <td>-0.240751</td>\n",
       "      <td>0.158733</td>\n",
       "      <td>1.000000</td>\n",
       "      <td>0.844676</td>\n",
       "      <td>0.504341</td>\n",
       "      <td>0.870256</td>\n",
       "      <td>0.548194</td>\n",
       "      <td>0.663915</td>\n",
       "      <td>0.857583</td>\n",
       "      <td>0.869538</td>\n",
       "      <td>0.701260</td>\n",
       "      <td>0.882307</td>\n",
       "      <td>0.977904</td>\n",
       "      <td>0.863969</td>\n",
       "    </tr>\n",
       "    <tr>\n",
       "      <th>lstndvi</th>\n",
       "      <td>-0.616965</td>\n",
       "      <td>0.051094</td>\n",
       "      <td>-0.334042</td>\n",
       "      <td>0.185432</td>\n",
       "      <td>0.844676</td>\n",
       "      <td>1.000000</td>\n",
       "      <td>0.572873</td>\n",
       "      <td>0.850115</td>\n",
       "      <td>0.047186</td>\n",
       "      <td>0.326547</td>\n",
       "      <td>0.548417</td>\n",
       "      <td>0.984007</td>\n",
       "      <td>0.368436</td>\n",
       "      <td>0.566434</td>\n",
       "      <td>0.842070</td>\n",
       "      <td>0.839566</td>\n",
       "    </tr>\n",
       "    <tr>\n",
       "      <th>pcplst</th>\n",
       "      <td>-0.029182</td>\n",
       "      <td>-0.158004</td>\n",
       "      <td>0.112281</td>\n",
       "      <td>0.285966</td>\n",
       "      <td>0.504341</td>\n",
       "      <td>0.572873</td>\n",
       "      <td>1.000000</td>\n",
       "      <td>0.252169</td>\n",
       "      <td>0.170878</td>\n",
       "      <td>0.552647</td>\n",
       "      <td>0.075420</td>\n",
       "      <td>0.598029</td>\n",
       "      <td>0.669751</td>\n",
       "      <td>0.156544</td>\n",
       "      <td>0.445904</td>\n",
       "      <td>0.451462</td>\n",
       "    </tr>\n",
       "    <tr>\n",
       "      <th>pcpndvi</th>\n",
       "      <td>-0.534232</td>\n",
       "      <td>0.301259</td>\n",
       "      <td>-0.221119</td>\n",
       "      <td>0.155798</td>\n",
       "      <td>0.870256</td>\n",
       "      <td>0.850115</td>\n",
       "      <td>0.252169</td>\n",
       "      <td>1.000000</td>\n",
       "      <td>0.258811</td>\n",
       "      <td>0.250055</td>\n",
       "      <td>0.764079</td>\n",
       "      <td>0.862009</td>\n",
       "      <td>0.326490</td>\n",
       "      <td>0.803848</td>\n",
       "      <td>0.845363</td>\n",
       "      <td>0.805551</td>\n",
       "    </tr>\n",
       "    <tr>\n",
       "      <th>pcpsm</th>\n",
       "      <td>0.157769</td>\n",
       "      <td>0.318881</td>\n",
       "      <td>0.063628</td>\n",
       "      <td>-0.072970</td>\n",
       "      <td>0.548194</td>\n",
       "      <td>0.047186</td>\n",
       "      <td>0.170878</td>\n",
       "      <td>0.258811</td>\n",
       "      <td>1.000000</td>\n",
       "      <td>0.851021</td>\n",
       "      <td>0.745532</td>\n",
       "      <td>0.086743</td>\n",
       "      <td>0.827613</td>\n",
       "      <td>0.760460</td>\n",
       "      <td>0.531465</td>\n",
       "      <td>0.354284</td>\n",
       "    </tr>\n",
       "    <tr>\n",
       "      <th>smlst</th>\n",
       "      <td>0.001817</td>\n",
       "      <td>0.110058</td>\n",
       "      <td>-0.084026</td>\n",
       "      <td>-0.022725</td>\n",
       "      <td>0.663915</td>\n",
       "      <td>0.326547</td>\n",
       "      <td>0.552647</td>\n",
       "      <td>0.250055</td>\n",
       "      <td>0.851021</td>\n",
       "      <td>1.000000</td>\n",
       "      <td>0.652842</td>\n",
       "      <td>0.339675</td>\n",
       "      <td>0.949981</td>\n",
       "      <td>0.651019</td>\n",
       "      <td>0.666628</td>\n",
       "      <td>0.516593</td>\n",
       "    </tr>\n",
       "    <tr>\n",
       "      <th>smndvi</th>\n",
       "      <td>-0.360017</td>\n",
       "      <td>0.383252</td>\n",
       "      <td>-0.279990</td>\n",
       "      <td>-0.057731</td>\n",
       "      <td>0.857583</td>\n",
       "      <td>0.548417</td>\n",
       "      <td>0.075420</td>\n",
       "      <td>0.764079</td>\n",
       "      <td>0.745532</td>\n",
       "      <td>0.652842</td>\n",
       "      <td>1.000000</td>\n",
       "      <td>0.553633</td>\n",
       "      <td>0.606628</td>\n",
       "      <td>0.983849</td>\n",
       "      <td>0.872891</td>\n",
       "      <td>0.726768</td>\n",
       "    </tr>\n",
       "    <tr>\n",
       "      <th>pcplstndvi</th>\n",
       "      <td>-0.570332</td>\n",
       "      <td>0.090904</td>\n",
       "      <td>-0.288005</td>\n",
       "      <td>0.229986</td>\n",
       "      <td>0.869538</td>\n",
       "      <td>0.984007</td>\n",
       "      <td>0.598029</td>\n",
       "      <td>0.862009</td>\n",
       "      <td>0.086743</td>\n",
       "      <td>0.339675</td>\n",
       "      <td>0.553633</td>\n",
       "      <td>1.000000</td>\n",
       "      <td>0.411508</td>\n",
       "      <td>0.585763</td>\n",
       "      <td>0.842010</td>\n",
       "      <td>0.852349</td>\n",
       "    </tr>\n",
       "    <tr>\n",
       "      <th>pcpsmlst</th>\n",
       "      <td>0.124133</td>\n",
       "      <td>0.112436</td>\n",
       "      <td>0.086615</td>\n",
       "      <td>0.114301</td>\n",
       "      <td>0.701260</td>\n",
       "      <td>0.368436</td>\n",
       "      <td>0.669751</td>\n",
       "      <td>0.326490</td>\n",
       "      <td>0.827613</td>\n",
       "      <td>0.949981</td>\n",
       "      <td>0.606628</td>\n",
       "      <td>0.411508</td>\n",
       "      <td>1.000000</td>\n",
       "      <td>0.649022</td>\n",
       "      <td>0.652507</td>\n",
       "      <td>0.524451</td>\n",
       "    </tr>\n",
       "    <tr>\n",
       "      <th>pcpsmndvi</th>\n",
       "      <td>-0.315304</td>\n",
       "      <td>0.384207</td>\n",
       "      <td>-0.210377</td>\n",
       "      <td>-0.001449</td>\n",
       "      <td>0.882307</td>\n",
       "      <td>0.566434</td>\n",
       "      <td>0.156544</td>\n",
       "      <td>0.803848</td>\n",
       "      <td>0.760460</td>\n",
       "      <td>0.651019</td>\n",
       "      <td>0.983849</td>\n",
       "      <td>0.585763</td>\n",
       "      <td>0.649022</td>\n",
       "      <td>1.000000</td>\n",
       "      <td>0.876625</td>\n",
       "      <td>0.725736</td>\n",
       "    </tr>\n",
       "    <tr>\n",
       "      <th>smlstndvi</th>\n",
       "      <td>-0.521221</td>\n",
       "      <td>0.234394</td>\n",
       "      <td>-0.352959</td>\n",
       "      <td>0.037740</td>\n",
       "      <td>0.977904</td>\n",
       "      <td>0.842070</td>\n",
       "      <td>0.445904</td>\n",
       "      <td>0.845363</td>\n",
       "      <td>0.531465</td>\n",
       "      <td>0.666628</td>\n",
       "      <td>0.872891</td>\n",
       "      <td>0.842010</td>\n",
       "      <td>0.652507</td>\n",
       "      <td>0.876625</td>\n",
       "      <td>1.000000</td>\n",
       "      <td>0.858177</td>\n",
       "    </tr>\n",
       "    <tr>\n",
       "      <th>smlstndvipcp</th>\n",
       "      <td>-0.629997</td>\n",
       "      <td>0.340464</td>\n",
       "      <td>-0.382968</td>\n",
       "      <td>0.119154</td>\n",
       "      <td>0.863969</td>\n",
       "      <td>0.839566</td>\n",
       "      <td>0.451462</td>\n",
       "      <td>0.805551</td>\n",
       "      <td>0.354284</td>\n",
       "      <td>0.516593</td>\n",
       "      <td>0.726768</td>\n",
       "      <td>0.852349</td>\n",
       "      <td>0.524451</td>\n",
       "      <td>0.725736</td>\n",
       "      <td>0.858177</td>\n",
       "      <td>1.000000</td>\n",
       "    </tr>\n",
       "  </tbody>\n",
       "</table>\n",
       "</div>"
      ],
      "text/plain": [
       "                  Date  cotonyield  sojayield  maize_yield    ACDI_B   \n",
       "Date          1.000000   -0.267743   0.727053    -0.026049 -0.429820  \\\n",
       "cotonyield   -0.267743    1.000000   0.185761    -0.152526  0.238429   \n",
       "sojayield     0.727053    0.185761   1.000000     0.096518 -0.240751   \n",
       "maize_yield  -0.026049   -0.152526   0.096518     1.000000  0.158733   \n",
       "ACDI_B       -0.429820    0.238429  -0.240751     0.158733  1.000000   \n",
       "lstndvi      -0.616965    0.051094  -0.334042     0.185432  0.844676   \n",
       "pcplst       -0.029182   -0.158004   0.112281     0.285966  0.504341   \n",
       "pcpndvi      -0.534232    0.301259  -0.221119     0.155798  0.870256   \n",
       "pcpsm         0.157769    0.318881   0.063628    -0.072970  0.548194   \n",
       "smlst         0.001817    0.110058  -0.084026    -0.022725  0.663915   \n",
       "smndvi       -0.360017    0.383252  -0.279990    -0.057731  0.857583   \n",
       "pcplstndvi   -0.570332    0.090904  -0.288005     0.229986  0.869538   \n",
       "pcpsmlst      0.124133    0.112436   0.086615     0.114301  0.701260   \n",
       "pcpsmndvi    -0.315304    0.384207  -0.210377    -0.001449  0.882307   \n",
       "smlstndvi    -0.521221    0.234394  -0.352959     0.037740  0.977904   \n",
       "smlstndvipcp -0.629997    0.340464  -0.382968     0.119154  0.863969   \n",
       "\n",
       "               lstndvi    pcplst   pcpndvi     pcpsm     smlst    smndvi   \n",
       "Date         -0.616965 -0.029182 -0.534232  0.157769  0.001817 -0.360017  \\\n",
       "cotonyield    0.051094 -0.158004  0.301259  0.318881  0.110058  0.383252   \n",
       "sojayield    -0.334042  0.112281 -0.221119  0.063628 -0.084026 -0.279990   \n",
       "maize_yield   0.185432  0.285966  0.155798 -0.072970 -0.022725 -0.057731   \n",
       "ACDI_B        0.844676  0.504341  0.870256  0.548194  0.663915  0.857583   \n",
       "lstndvi       1.000000  0.572873  0.850115  0.047186  0.326547  0.548417   \n",
       "pcplst        0.572873  1.000000  0.252169  0.170878  0.552647  0.075420   \n",
       "pcpndvi       0.850115  0.252169  1.000000  0.258811  0.250055  0.764079   \n",
       "pcpsm         0.047186  0.170878  0.258811  1.000000  0.851021  0.745532   \n",
       "smlst         0.326547  0.552647  0.250055  0.851021  1.000000  0.652842   \n",
       "smndvi        0.548417  0.075420  0.764079  0.745532  0.652842  1.000000   \n",
       "pcplstndvi    0.984007  0.598029  0.862009  0.086743  0.339675  0.553633   \n",
       "pcpsmlst      0.368436  0.669751  0.326490  0.827613  0.949981  0.606628   \n",
       "pcpsmndvi     0.566434  0.156544  0.803848  0.760460  0.651019  0.983849   \n",
       "smlstndvi     0.842070  0.445904  0.845363  0.531465  0.666628  0.872891   \n",
       "smlstndvipcp  0.839566  0.451462  0.805551  0.354284  0.516593  0.726768   \n",
       "\n",
       "              pcplstndvi  pcpsmlst  pcpsmndvi  smlstndvi  smlstndvipcp  \n",
       "Date           -0.570332  0.124133  -0.315304  -0.521221     -0.629997  \n",
       "cotonyield      0.090904  0.112436   0.384207   0.234394      0.340464  \n",
       "sojayield      -0.288005  0.086615  -0.210377  -0.352959     -0.382968  \n",
       "maize_yield     0.229986  0.114301  -0.001449   0.037740      0.119154  \n",
       "ACDI_B          0.869538  0.701260   0.882307   0.977904      0.863969  \n",
       "lstndvi         0.984007  0.368436   0.566434   0.842070      0.839566  \n",
       "pcplst          0.598029  0.669751   0.156544   0.445904      0.451462  \n",
       "pcpndvi         0.862009  0.326490   0.803848   0.845363      0.805551  \n",
       "pcpsm           0.086743  0.827613   0.760460   0.531465      0.354284  \n",
       "smlst           0.339675  0.949981   0.651019   0.666628      0.516593  \n",
       "smndvi          0.553633  0.606628   0.983849   0.872891      0.726768  \n",
       "pcplstndvi      1.000000  0.411508   0.585763   0.842010      0.852349  \n",
       "pcpsmlst        0.411508  1.000000   0.649022   0.652507      0.524451  \n",
       "pcpsmndvi       0.585763  0.649022   1.000000   0.876625      0.725736  \n",
       "smlstndvi       0.842010  0.652507   0.876625   1.000000      0.858177  \n",
       "smlstndvipcp    0.852349  0.524451   0.725736   0.858177      1.000000  "
      ]
     },
     "execution_count": 12,
     "metadata": {},
     "output_type": "execute_result"
    }
   ],
   "source": [
    "rn.corr(data1)"
   ]
  }
 ],
 "metadata": {
  "kernelspec": {
   "display_name": "geog_course",
   "language": "python",
   "name": "python3"
  },
  "language_info": {
   "codemirror_mode": {
    "name": "ipython",
    "version": 3
   },
   "file_extension": ".py",
   "mimetype": "text/x-python",
   "name": "python",
   "nbconvert_exporter": "python",
   "pygments_lexer": "ipython3",
   "version": "3.11.3"
  },
  "orig_nbformat": 4
 },
 "nbformat": 4,
 "nbformat_minor": 2
}
